# Signatures Produced by ClassSig from 
#    Class-Grid __1000001
#    and Stack __1000000

#    Number of selected grids
/*           8
#    Layer-Number    Band-name
/*           1       LE70220491999322EDC01_stack.gtif\band 1 reflectance
/*           2       LE70220491999322EDC01_stack.gtif\band 2 reflectance
/*           3       LE70220491999322EDC01_stack.gtif\band 3 reflectance
/*           4       LE70220491999322EDC01_stack.gtif\band 4 reflectance
/*           5       LE70220491999322EDC01_stack.gtif\band 5 reflectance
/*           6       LE70220491999322EDC01_stack.gtif\band 7 reflectance
/*           7       LE70220491999322EDC01_stack.gtif\band 6 temperature
/*           8       LE70220491999322EDC01_stack.gtif\Band 8

#  Type   Number of Classes   Number of Layers    Number of Parametric Layers
    1             4                  8                         8
# ===================================================================

#  Class ID     Number of Cells    Class Name
        1               377         1
# Layers             1             2             3             4             5             6             7             8
# Means    
             3.047560e+02  4.545862e+02  2.986605e+02  3.260122e+03  1.495626e+03  5.794589e+02  2.482960e+03  0.000000e+00
# Covariance
    1        1.038743e+03  7.640663e+02  1.004739e+03  2.075059e+02  1.961924e+03  1.157947e+03  1.030993e+03  0.000000e+00
    2        7.640663e+02  1.961467e+03  1.605205e+03  5.559322e+03  4.003728e+03  1.927321e+03  1.572313e+03  0.000000e+00
    3        1.004739e+03  1.605205e+03  2.369757e+03  4.933143e+01  3.180607e+03  2.148188e+03  2.142588e+03  0.000000e+00
    4        2.075059e+02  5.559322e+03  4.933143e+01  1.014622e+05  3.628513e+04  1.029985e+04 -3.024381e+03  0.000000e+00
    5        1.961924e+03  4.003728e+03  3.180607e+03  3.628513e+04  3.086768e+04  1.309292e+04  2.148948e+03  0.000000e+00
    6        1.157947e+03  1.927321e+03  2.148188e+03  1.029985e+04  1.309292e+04  7.357201e+03  1.724005e+03  0.000000e+00
    7        1.030993e+03  1.572313e+03  2.142588e+03 -3.024381e+03  2.148948e+03  1.724005e+03  3.857235e+03  0.000000e+00
    8        0.000000e+00  0.000000e+00  0.000000e+00  0.000000e+00  0.000000e+00  0.000000e+00  0.000000e+00  0.000000e+00
# -------------------------------------------------------------------

#  Class ID     Number of Cells    Class Name
        2                63         2
# Layers             1             2             3             4             5             6             7             8
# Means    
             9.040952e+02  1.221190e+03  1.613778e+03  2.751365e+03  3.502571e+03  2.785175e+03  3.115286e+03  0.000000e+00
# Covariance
    1        1.356873e+04  1.990448e+04  2.760473e+04  2.946067e+04  2.369015e+04  1.981263e+04 -2.789028e+03  0.000000e+00
    2        1.990448e+04  3.215222e+04  4.554051e+04  4.613846e+04  3.813541e+04  3.201329e+04 -4.097588e+03  0.000000e+00
    3        2.760473e+04  4.554051e+04  7.135272e+04  5.575811e+04  6.187356e+04  5.550522e+04 -3.487629e+03  0.000000e+00
    4        2.946067e+04  4.613846e+04  5.575811e+04  9.860324e+04  4.295126e+04  2.168719e+04 -1.349104e+04  0.000000e+00
    5        2.369015e+04  3.813541e+04  6.187356e+04  4.295126e+04  8.622473e+04  7.595167e+04 -8.005530e+02  0.000000e+00
    6        1.981263e+04  3.201329e+04  5.550522e+04  2.168719e+04  7.595167e+04  7.831892e+04  2.579353e+03  0.000000e+00
    7       -2.789028e+03 -4.097588e+03 -3.487629e+03 -1.349104e+04 -8.005530e+02  2.579353e+03  3.858594e+03  0.000000e+00
    8        0.000000e+00  0.000000e+00  0.000000e+00  0.000000e+00  0.000000e+00  0.000000e+00  0.000000e+00  0.000000e+00
# -------------------------------------------------------------------

#  Class ID     Number of Cells    Class Name
        3                 2         3
# Layers             1             2             3             4             5             6             7             8
# Means    
             4.960000e+02  6.940000e+02  7.435000e+02  1.322500e+03  8.825000e+02  5.150000e+02  2.637000e+03  0.000000e+00
# Covariance
    1        8.820000e+02  1.386000e+03  3.990000e+02 -3.045000e+03  7.413000e+03  7.728000e+03  0.000000e+00  0.000000e+00
    2        1.386000e+03  2.178000e+03  6.270000e+02 -4.785000e+03  1.164900e+04  1.214400e+04  0.000000e+00  0.000000e+00
    3        3.990000e+02  6.270000e+02  1.805000e+02 -1.377500e+03  3.353500e+03  3.496000e+03  0.000000e+00  0.000000e+00
    4       -3.045000e+03 -4.785000e+03 -1.377500e+03  1.051250e+04 -2.559250e+04 -2.668000e+04  0.000000e+00  0.000000e+00
    5        7.413000e+03  1.164900e+04  3.353500e+03 -2.559250e+04  6.230450e+04  6.495200e+04  0.000000e+00  0.000000e+00
    6        7.728000e+03  1.214400e+04  3.496000e+03 -2.668000e+04  6.495200e+04  6.771200e+04  0.000000e+00  0.000000e+00
    7        0.000000e+00  0.000000e+00  0.000000e+00  0.000000e+00  0.000000e+00  0.000000e+00  0.000000e+00  0.000000e+00
    8        0.000000e+00  0.000000e+00  0.000000e+00  0.000000e+00  0.000000e+00  0.000000e+00  0.000000e+00  0.000000e+00
# -------------------------------------------------------------------

#  Class ID     Number of Cells    Class Name
        4               104         4
# Layers             1             2             3             4             5             6             7             8
# Means    
             7.955962e+02  1.073913e+03  1.330404e+03  2.907962e+03  3.203731e+03  2.161971e+03  3.177010e+03  0.000000e+00
# Covariance
    1        1.832029e+05  2.374078e+05  2.817949e+05  9.537594e+04  1.494652e+05  2.926457e+05  5.626740e+04  0.000000e+00
    2        2.374078e+05  3.090130e+05  3.662203e+05  1.252741e+05  1.952827e+05  3.805795e+05  7.380400e+04  0.000000e+00
    3        2.817949e+05  3.662203e+05  4.365662e+05  1.518101e+05  2.316943e+05  4.474958e+05  8.517316e+04  0.000000e+00
    4        9.537594e+04  1.252741e+05  1.518101e+05  8.702821e+04  7.367942e+04  1.153077e+05  2.502497e+04  0.000000e+00
    5        1.494652e+05  1.952827e+05  2.316943e+05  7.367942e+04  1.604670e+05  2.863527e+05  5.215323e+04  0.000000e+00
    6        2.926457e+05  3.805795e+05  4.474958e+05  1.153077e+05  2.863527e+05  5.606839e+05  1.044223e+05  0.000000e+00
    7        5.626740e+04  7.380400e+04  8.517316e+04  2.502497e+04  5.215323e+04  1.044223e+05  2.582251e+04  0.000000e+00
    8        0.000000e+00  0.000000e+00  0.000000e+00  0.000000e+00  0.000000e+00  0.000000e+00  0.000000e+00  0.000000e+00
